[ 28,   3,   8,   4, 141,  20,  16, 186,  79, 126,  24,  84, 129, 168, 212,   9]
[181, 253, 182,   2, 133,  38,  56, 143, 210, 171, 221, 208, 227, 219,  13, 191]
[200, 130, 236,  89,  73,  64, 136, 179,  75, 218, 154, 142,  14, 167,  78, 106]
[123, 184,  92, 188, 103, 233, 122, 229, 120, 109, 255, 157, 148,  88, 205,  10]
[118, 252,  83, 101, 100,  17,  37, 223,  45,  68, 169, 204,  86, 156,  80, 251]
[ 44, 174, 127, 146,  95, 131, 206,  36,  21, 180, 193,  70,  53,  51,  39, 176]
[175, 144, 213, 132,  60,  50,  76, 250,  58, 134, 125,   0,  47,  67, 224, 215]
[ 46, 220,  63, 240, 237, 226,  71, 138, 195, 201, 165,  94, 111, 128, 140, 173]
[178, 115, 108, 147,  32, 232,  59, 104, 187, 216,   1,  66,  27,  34, 102,  12]
[ 31, 254,  48, 163,  93,  85, 239, 247,  57, 145, 199, 107, 161,  33, 116, 164]
[159,  77,  69, 117,  54, 121,  91,  35, 189, 172, 211,  29, 238, 234, 155,   6]
[152, 183,  72,  18, 242, 170,  49, 214,  19,  41, 139, 149,  26,   5, 209, 119]
[197,   7,  90,  81,  99, 217, 203, 185, 151, 162,  11,  96,  52, 194, 244, 245]
[ 15,  65, 202,  25,  55, 124, 137, 113,  30,  74,  40, 198, 249, 190,  98, 225]
[158, 135, 231, 110,  22, 166, 241, 235, 228,  97, 248, 150, 177,  42,  87, 160]
[243, 222, 246, 114, 192, 153,  61,  23,  62, 230,  82, 112, 207,  43, 196, 105]
